00011011111000111001001100100000011010000111100011111010101101010000100010011111101111001111010101101100111111111000100010110011010001010001001111011000011001010110011001001000010010111101001011110000010111000111111001000101101000000101011000100111001101010100010000001000100001111110101111100101101111101000101011111010111110101001101110110011111111001001111000101001111001101101110011110001100101010100001000010111110011000100001010111011110100011101101111110101101000110010010011001101011100100111100110101111
00000000001110110110001110011100111001000100001000011101010000100010110111100100110100001101011010010101000110000011111101000001110011000010010000000100101110010011001110100001000101000110010111101111100000100100100100111100100111110110001101111010110010011010100111011011110101100000110101001010010111101010001011110000011001101000111101011001010000111001101100010000110101000100110010101111010110100000111100111001010011100000111010010101101111000100010001100101100000111110111110011000001100011011010100010000
11100100011100010110100011110111011000101101111100011001100100110111101111001101100100011000011110100100100101101110100110100100010100000111110010001100011100111011110110111110100010011110001100000010011000100101010110001011111001001110001110010011101100100010111111010111011010100111100110011000111010100010100111001110111001110010100010101111100101000000010011110001010010100011101011101100101111000001111111111110000000110011000101110000100000000110011110100111010100000010101011011110010011010000110100110000
01100111111110111110101111010101101011000100111011111100110101011111001111000110011101101001100001011001000010101010111010001000100000101010011011011000110010011011000000110011000010001001101110010011100010111000111100001111001110100111000000010111011001101001101110111001001001101110110010110000100000011010111110110110010111101101000000100001110100110110100100001000100110011100111001000001111010011010111001000001110111001100011111100110010101110100000100100001001010101011010101110111101110000010101111010000
11000111110111000010011000111110011100111000000001101000010100110000000101000101001110000000010101001110001011001101001011110011100000010001100010101101001011111100001100010010000001011011000110001011110110101101111100010001011101111101110010010010111000011100110111110111100100001010110101000001111101101010000001100010011110000101011101100000010010110100000010010001000011000000110101101111010111000000111101101100111001110110011011100110001111001111111110001100011100111110010000000000011111011110000010111110
00011010111100000101111111111011100100101101110111010111100000001111000011111011100010111100101011110001000101111001110011111000101101011010100011011001100001111110110101110100100010001010011101101111001101110100101111101011010100111000010110111111001001000000110110000101101010000111001111110010111001001001111011011010001000110110111111000100010111111110010110000101100010110110001010100110100010001111111100011111001111111110111011010000010001010010111100001011001101010010101001100111011000000011101111010000
10011111111101111100000111000011111101011100111110111101001100110010111000001011111111101110000001010110011011000100011010000001000000011001100110001100000001100111101000110110111100000111000101101110111001111011110101100010101001010111011110111011011011100011111011110010101110001011111000101001100100100001000010011100001011010000011111011011111010111011010100111011100001100101110111011000101011110101010010101111001000000000111001000110010110010110101000101111101000110001111101100100001001010101111110110110
10010101011111010010111000000010010101110101110010110001111001010000000011000111010011100001000101001011001011110001011000110101111001111000101111111001110100111011011100010001010011000010001000110111011101010100100100011110010000110011001011111011100111100110101111101111101010010101000100011000000111110000011101011011100110101001100110110001011010010111011111100011000011001100010110101110110000011100011010101000001000110010101010001011011111111010010011110100011001100111001100110111011110010000001001000111
00111000011000100101101000100010100010010101110111101011101001011000001010100111000011101100110111001011111011011000101101110100000000101010000001100110111100011001111111111111111001111010010111110110100011001100101111100001101010011000100101000100000010101101010000100001101100011110111101100010011110011111101111101010010111001110101000101011000011011001001000000111011000110011011010110010111111001010001100100101100100110010101001110010101101000000110101011011111101011000001110001111010011100010111110100000
00011111110001111110101011000000000101111011110111100100111011101111100110000001000011000111110010111011100100011011100011100011100011111001110001110101100000111101110101000011111000001101001001100101111010101111000111111111111111111100111010010010110100101100000000001101000001100100001101000110100110100110101111011101101000010100001100111111111010101110101000010010101010111101100101010100000100000001110010011000100010110010111101010000100001010111000010110100110100111110100011101010110010001000000101100000
10110111100101010000110011011010111011011001000010011001011010101001010001111100000001100001000000110100101000011111000011010101110011101110000111101010111011011011001110001000001111101001010011011001111011100110111000001011101000100110011010010010111000110101101100101110111000010100100010110100100000101001101101111001101001100110111101101000000111110101000111111010010011000110100111100110110000000001110101100110111110101100100011100111101111001111010000110000001100010000001011110000010110101001010001101101
10111110011001111111111010111101001011101111101101011101010101110000010000101011001001101000010101110110011101101010100101000101100000000100100111111000011100000101011110110100001111100100100001001101110111001011001011001001111001010011111101101111011000101001100010110110110110110111100010101000111000100001111010001010111010001001111100100011101111011100011111000111110011101010010000101000011101101001100100100010110001100010011000000000000101100101111011011001011010000000001101110100000011000001101111111100
10101101010001000011001101010011100110110101010111011010100000000100000001010100100011011011001010111001000101010011010100111110110111110101010001100010110001001100111111001110010100011010010110000101001001000111110001010011110001101011110100000000001010110101011100111100010011001111001010100100010111011001001000111110111011110101010001101101010011001110010001110100000101110010000101100001011101100101110100001000011011110010111111000011010100111011001011100101111101011111111010110111110011000101111000011000
11101001110101101101111000110110011101100001110001001011001010111111010101101000100101000111001100011111101100101100011111001010100111010000011110111001000000000101111000000010001111101110111001011100010101000010110110101011000100010001001000000010001101010101100011011101100110011111111000000101010000001100111001010111101000011001110110010010011101011111101100000110101101100011000010110001101011010010100011111011011010010000000101011001110100111000101010111110011011110111100101000000111001101001010011001001
11111101010100010011010000100000000101001100010111001110111010010011011011101000110111100000010010100110110110111011011100010111001000100110000111111110011001000010110110010000100011010101101110110111111000100100110010100111100001111111011111100000001001101011110100000010010010101100011001100010111011010111001010110001001111101001100110011111011001100101000101101111111101101100111001110101010100100111101010100110000110010100101111110110010111100000111001001011001101100101001100100100101011101010011101100100
00010110010001011000011011011010101000111000111110101100010011001101010000101001010000001110001111010100100010011100111001100110001000011101111110110100001101001000000111110111111111011111101001010110010111011010101111101111100111111001111101101000001101110101100011010100110011110011011011101101100111010100100110010011100110111000101100110010110100110000100011011101111001011000111111100010111100010000001011000111001101001110100101101011001100111000011100011100001101011001110011000001000101010111100111000101
00111011011101000010101001011111110010000100001010111010110011000100000110111101110011111111011111011111010011011100010001101001011001110011001100100101001000001110110000010011111111110010000101011111100001101100011100100111110111011010010110100110111011001101001011011110000101011011010111011010100000010101110001101001000101110110010010010111111001100101010001100111110000110110000001011011001010000110011110111000001000010101101110010101110101000110001011101001000111101101100100111101010010011000111001110111
00101011100010010000101010100101110100011011101101101111000100111101010110011110000110100101111101110101111100111011101001110111001001101100010001001000101100000111110100011011001110010100110010000010010000100110110111011110010000111100001111000011111100011010000101001111011100101100001000010010000110110101100110011110111001100011110001011001001010111001101100011111001100110100001010110010011000101000011000001001000001011011000111010011001011111110010111010000110011011000011001001010011000111111110000010101
00000000000000000000000000000000000000000000000000000000000000000000000000000000000000000000000000000000000000000000000000000000000000000000000000000000000000000000000000000000000000000000000000000000000000000000000000000000000000000000000000000000000000000000000000000000000000000000000000000000000000000000000000000000000000000000000000000000000000000000000000000000000000000000000000000000000000000000000000000000000000000010111010111111001111111000010011100110000001000001001101111100100110001100111100111110
